" REACTOR""   TIME""  Var  1 ""  Var  2 ""  Var  3 ""  Var  4 ""  Var  5 ""  Var  6 ""  Var  7 ""  Var  8 ""  Var  9 ""  Var 10 ""  Var 11 ""  Var 12 ""  Var 13 ""  Var 14 ""  Var 15 ""  Var 16 ""  Var 17 ""  Var 18 "
1     0.000  4339.736   194.568  2545.844   634.497   617.798    10.225    41.302     1.508    12.100     1.040     1.001     6.228    49.132     0.000     0.000     0.000  5636.938    14.206 
1     0.500  4341.469   194.591  2545.828   634.441   614.129     9.404    41.149     1.262    11.167     0.999     1.155     6.190    49.047     0.000     0.000     0.000  5635.043    13.056 
1     1.000  4343.438   194.613  2545.824   634.421   610.430     9.396    41.029     1.252    10.408     0.994     1.265     6.159    48.988     0.000     0.000     0.000  5633.866    12.292 
1     1.500  4345.495   194.633  2545.826   634.417   607.106     9.412    40.924     1.242     9.759     0.994     1.329     6.135    48.942     0.000     0.000     0.000  5633.034    11.643 
1     2.000  4347.584   194.649  2545.831   634.421   604.010     9.423    40.824     1.240     9.192     0.995     1.356     6.116    48.903     0.000     0.000     0.000  5632.377    11.078 
1     2.500  4349.656   194.659  2545.839   634.427   601.098     9.400    40.727     1.239     8.695     0.996     1.345     6.105    48.867     0.000     0.000     0.000  5631.811    10.582 
1     3.000  4351.680   194.663  2545.847   634.436   598.297     9.387    40.630     1.242     8.266     0.997     1.295     6.099    48.834     0.000     0.000     0.000  5631.291    10.153 
1     3.500  4353.638   194.659  2545.857   634.445   595.573     9.413    40.535     1.249     7.904     0.996     1.203     6.101    48.802     0.000     0.000     0.000  5630.801     9.790 
1     4.000  4355.509   194.646  2545.868   634.455   593.072     9.346    40.441     1.261     7.608     0.994     1.071     6.110    48.770     0.000     0.000     0.000  5630.335     9.493 
1     4.500  4354.612   194.615  2545.810   634.120   583.851     7.381    40.194     0.737     6.819     0.955     1.330     6.052    48.626     0.000     0.000     0.000  5621.884     8.601 
1     5.000  4354.346   194.578  2545.789   633.876   574.650     7.367    39.963     0.734     6.240     0.953     1.452     6.019    48.513     0.000     0.000     0.000  5615.274     8.019 
1     5.500  4354.370   194.532  2545.785   633.674   566.481     7.379    39.742     0.728     5.818     0.955     1.440     6.007    48.416     0.000     0.000     0.000  5609.609     7.600 
1     6.000  4354.477   194.475  2545.790   633.493   558.935     7.384    39.522     0.732     5.523     0.957     1.334     6.011    48.328     0.000     0.000     0.000  5604.428     7.307 
1     6.500  4354.533   194.409  2545.798   633.321   551.855     7.362    39.304     0.740     5.324     0.958     1.168     6.025    48.244     0.000     0.000     0.000  5599.512     7.109 
1     7.000  4354.455   194.336  2545.808   633.154   545.153     7.332    39.087     0.752     5.195     0.956     0.969     6.047    48.163     0.000     0.000     0.000  5594.755     6.978 
1     7.500  4354.189   194.259  2545.819   632.990   538.766     7.352    38.872     0.773     5.116     0.951     0.764     6.072    48.084     0.000     0.000     0.000  5590.118     6.894 
1     8.000  4353.669   194.179  2545.830   632.826   532.867     7.295    38.665     0.804     5.072     0.943     0.573     6.099    48.006     0.000     0.000     0.000  5585.586     6.842 
1     8.500  4350.355   194.090  2545.781   632.307   519.780     5.327    38.297     0.314     4.491     0.907     0.799     6.062    47.682     0.000     0.000     0.000  5572.730     6.026 
1     9.000  4347.741   194.000  2545.762   631.882   506.810     5.316    37.935     0.310     4.090     0.910     0.895     6.047    47.424     0.000     0.000     0.000  5561.832     5.628 
1     9.500  4345.380   193.904  2545.757   631.502   495.096     5.313    37.578     0.304     3.821     0.916     0.890     6.046    47.200     0.000     0.000     0.000  5551.996     5.365 
1    10.000  4343.017   193.804  2545.759   631.144   484.184     5.322    37.224     0.307     3.650     0.920     0.831     6.057    46.994     0.000     0.000     0.000  5542.723     5.198 
1    10.500  4340.527   193.701  2545.763   630.797   473.915     5.292    36.869     0.310     3.544     0.921     0.747     6.073    46.796     0.000     0.000     0.000  5533.781     5.093 
1    11.000  4337.854   193.595  2545.767   630.456   464.092     5.316    36.513     0.316     3.484     0.920     0.659     6.092    46.605     0.000     0.000     0.000  5525.054     5.032 
1    11.500  4334.961   193.489  2545.771   630.117   454.790     5.259    36.156     0.322     3.454     0.918     0.579     6.113    46.417     0.000     0.000     0.000  5516.478     4.999 
1    12.000  4331.846   193.383  2545.775   629.780   445.810     5.281    35.799     0.328     3.443     0.915     0.515     6.134    46.233     0.000     0.000     0.000  5508.023     4.986 
1    12.500  4327.578   193.275  2545.756   629.304   434.184     4.480    35.364     0.158     3.202     0.903     0.617     6.133    45.918     0.000     0.000     0.000  5496.337     4.548 
1    13.000  4323.521   193.168  2545.746   628.866   422.753     4.479    34.926     0.155     3.041     0.909     0.669     6.139    45.640     0.000     0.000     0.000  5485.495     4.393 
1    13.500  4319.423   193.060  2545.740   628.445   412.020     4.484    34.487     0.150     2.940     0.915     0.689     6.151    45.380     0.000     0.000     0.000  5475.116     4.298 
1    14.000  4315.208   192.952  2545.734   628.034   401.821     4.481    34.045     0.151     2.882     0.920     0.699     6.166    45.132     0.000     0.000     0.000  5465.020     4.245 
1    14.500  4310.824   192.843  2545.728   627.628   392.068     4.462    33.600     0.150     2.850     0.923     0.707     6.183    44.889     0.000     0.000     0.000  5455.103     4.217 
1    15.000  4306.279   192.735  2545.720   627.224   382.653     4.473    33.151     0.150     2.838     0.927     0.722     6.200    44.650     0.000     0.000     0.000  5445.327     4.208 
1    15.500  4301.554   192.629  2545.711   626.821   373.596     4.456    32.699     0.150     2.837     0.930     0.743     6.217    44.415     0.000     0.000     0.000  5435.653     4.210 
1    16.000  4296.650   192.523  2545.699   626.419   364.857     4.429    32.243     0.149     2.843     0.933     0.775     6.234    44.182     0.000     0.000     0.000  5426.066     4.220 
1    16.500  4292.167   192.425  2545.723   626.080   357.427     4.649    31.866     0.213     3.208     0.957     0.747     6.280    43.772     0.000     0.000     0.000  5417.885     4.775 
1    17.000  4287.298   192.328  2545.725   625.723   350.361     4.591    31.474     0.209     3.472     0.963     0.764     6.316    43.412     0.000     0.000     0.000  5409.477     5.044 
1    17.500  4282.223   192.236  2545.716   625.358   343.357     4.606    31.073     0.212     3.661     0.967     0.827     6.343    43.079     0.000     0.000     0.000  5401.011     5.238 
1    18.000  4276.988   192.150  2545.700   624.989   336.562     4.566    30.665     0.210     3.798     0.971     0.926     6.363    42.760     0.000     0.000     0.000  5392.537     5.379 
1    18.500  4271.616   192.068  2545.679   624.619   329.880     4.594    30.253     0.207     3.899     0.975     1.053     6.379    42.450     0.000     0.000     0.000  5384.092     5.483 
1    19.000  4266.112   191.990  2545.655   624.247   323.477     4.547    29.840     0.205     3.974     0.979     1.206     6.391    42.147     0.000     0.000     0.000  5375.694     5.562 
1    19.500  4260.474   191.916  2545.627   623.876   317.197     4.593    29.428     0.204     4.031     0.982     1.378     6.399    41.848     0.000     0.000     0.000  5367.354     5.623 
1    20.000  4254.698   191.844  2545.597   623.504   311.235     4.552    29.019     0.202     4.075     0.985     1.568     6.406    41.554     0.000     0.000     0.000  5359.075     5.669 
1    20.500  4255.913   191.809  2545.808   624.014   322.526     9.167    29.253     1.476     6.622     1.143     0.686     6.628    41.234     0.000     0.000     0.000  5371.106     8.751 
1    21.000  4254.383   191.773  2545.880   624.265   334.106     9.183    29.432     1.862     8.413     1.123     0.248     6.776    40.930     0.000     0.000     0.000  5378.101    10.522 
1    21.500  4251.215   191.751  2545.892   624.406   344.136     9.191    29.617     2.196     9.715     1.075     0.178     6.868    40.640     0.000     0.000     0.000  5382.831    11.776 
1    22.000  4248.087   191.743  2545.877   624.499   352.629     9.230    29.772     2.162    10.667     1.057     0.195     6.931    40.361     0.000     0.000     0.000  5386.531    12.711 
1    22.500  4245.342   191.747  2545.848   624.570   359.942     9.213    29.900     2.009    11.408     1.061     0.235     6.978    40.093     0.000     0.000     0.000  5389.636    13.456 
1    23.000  4242.935   191.759  2545.813   624.631   366.317     9.275    30.013     1.867    12.018     1.070     0.287     7.016    39.835     0.000     0.000     0.000  5392.385    14.075 
1    23.500  4240.793   191.776  2545.775   624.688   372.171     9.255    30.123     1.758    12.538     1.081     0.347     7.046    39.586     0.000     0.000     0.000  5394.904    14.605 
1    24.000  4238.895   191.798  2545.735   624.743   377.525     9.289    30.234     1.677    12.993     1.090     0.414     7.072    39.346     0.000     0.000     0.000  5397.287    15.069 

2     0.000  4239.396   191.830  2545.742   625.379   396.160    12.621    30.743     4.503    14.652     1.137     0.140     7.142    40.030     0.000     0.000     0.000  5412.924    16.987 
2     0.500  4238.836   191.862  2545.720   625.851   414.717    12.675    31.246     5.930    15.918     1.102     0.108     7.187    40.446     0.000     0.000     0.000  5425.446    18.218 
2     1.000  4238.559   191.894  2545.687   626.254   430.996    12.699    31.719     6.538    16.912     1.082     0.101     7.220    40.739     0.000     0.000     0.000  5436.547    19.192 
2     1.500  4238.553   191.927  2545.650   626.629   445.958    12.751    32.183     6.767    17.742     1.070     0.099     7.247    40.973     0.000     0.000     0.000  5446.938    20.011 
2     2.000  4238.907   191.963  2545.610   626.990   460.058    12.776    32.645     6.814    18.462     1.064     0.099     7.268    41.175     0.000     0.000     0.000  5456.962    20.725 
2     2.500  4239.606   192.000  2545.570   627.345   473.458    12.855    33.111     6.784    19.101     1.060     0.100     7.285    41.360     0.000     0.000     0.000  5466.780    21.361 
2     3.000  4240.593   192.037  2545.530   627.698   486.415    12.869    33.583     6.720    19.677     1.058     0.101     7.299    41.533     0.000     0.000     0.000  5476.448    21.934 
2     3.500  4241.875   192.076  2545.491   628.049   498.891    12.919    34.059     6.649    20.200     1.056     0.103     7.311    41.696     0.000     0.000     0.000  5486.015    22.455 
2     4.000  4243.133   192.106  2545.395   628.332   510.207    12.595    34.500     5.822    20.592     1.047     0.113     7.285    42.196     0.000     0.000     0.000  5494.438    22.975 
2     4.500  4244.754   192.143  2545.333   628.630   520.583    12.650    34.934     5.368    20.950     1.050     0.124     7.266    42.589     0.000     0.000     0.000  5502.765    23.337 
2     5.000  4246.677   192.181  2545.284   628.934   530.553    12.691    35.364     5.096    21.284     1.054     0.131     7.250    42.927     0.000     0.000     0.000  5511.027    23.675 
2     5.500  4248.751   192.222  2545.243   629.241   540.217    12.736    35.795     4.930    21.595     1.058     0.136     7.236    43.235     0.000     0.000     0.000  5519.196    23.989 
2     6.000  4251.018   192.263  2545.205   629.549   549.618    12.765    36.226     4.819    21.884     1.060     0.140     7.222    43.523     0.000     0.000     0.000  5527.310    24.281 
2     6.500  4253.428   192.305  2545.170   629.858   558.819    12.753    36.658     4.741    22.154     1.062     0.143     7.209    43.798     0.000     0.000     0.000  5535.359    24.553 
2     7.000  4255.962   192.347  2545.137   630.166   567.739    12.797    37.089     4.685    22.406     1.063     0.145     7.195    44.061     0.000     0.000     0.000  5543.342    24.805 
2     7.500  4258.611   192.389  2545.104   630.475   576.468    12.820    37.521     4.646    22.640     1.064     0.147     7.182    44.314     0.000     0.000     0.000  5551.262    25.040 
2     8.000  4260.587   192.421  2545.012   630.526   579.685    11.257    37.794     2.812    22.432     1.047     0.240     7.125    44.533     0.000     0.000     0.000  5553.708    24.894 
2     8.500  4262.896   192.459  2544.955   630.645   581.803    11.266    38.053     2.432    22.321     1.067     0.316     7.079    44.751     0.000     0.000     0.000  5556.773    24.804 
2     9.000  4265.449   192.500  2544.914   630.793   584.300    11.301    38.316     2.309    22.262     1.083     0.363     7.041    44.966     0.000     0.000     0.000  5560.308    24.760 
2     9.500  4268.120   192.541  2544.881   630.954   587.019    11.317    38.580     2.246    22.227     1.093     0.396     7.006    45.176     0.000     0.000     0.000  5564.076    24.736 
2    10.000  4270.869   192.584  2544.852   631.121   589.846    11.298    38.843     2.204    22.205     1.100     0.422     6.974    45.380     0.000     0.000     0.000  5567.952    24.721 
2    10.500  4273.675   192.626  2544.826   631.291   592.625    11.322    39.101     2.173    22.190     1.106     0.444     6.944    45.579     0.000     0.000     0.000  5571.868    24.712 
2    11.000  4276.525   192.669  2544.801   631.462   595.368    11.336    39.355     2.150    22.180     1.111     0.462     6.915    45.773     0.000     0.000     0.000  5575.785    24.706 
2    11.500  4279.403   192.712  2544.779   631.633   598.115    11.288    39.604     2.130    22.174     1.115     0.478     6.887    45.961     0.000     0.000     0.000  5579.682    24.704 
2    12.000  4281.927   192.749  2544.723   631.759   600.221    10.998    39.634     1.971    21.388     1.060     0.542     6.833    46.356     0.000     0.000     0.000  5582.687    23.726 
2    12.500  4284.681   192.789  2544.687   631.897   601.841    11.057    39.706     1.932    20.784     1.053     0.595     6.784    46.686     0.000     0.000     0.000  5585.779    23.115 
2    13.000  4287.556   192.830  2544.661   632.040   603.428    11.073    39.795     1.905    20.283     1.054     0.636     6.740    46.983     0.000     0.000     0.000  5588.911    22.615 
2    13.500  4290.486   192.872  2544.640   632.185   605.034    11.015    39.892     1.885    19.839     1.057     0.671     6.699    47.261     0.000     0.000     0.000  5592.049    22.173 
2    14.000  4293.452   192.914  2544.623   632.331   606.521    11.027    39.991     1.870    19.429     1.059     0.700     6.660    47.526     0.000     0.000     0.000  5595.181    21.766 
2    14.500  4296.447   192.956  2544.607   632.477   607.958    11.044    40.091     1.857    19.041     1.061     0.725     6.622    47.782     0.000     0.000     0.000  5598.303    21.380 
2    15.000  4299.464   192.997  2544.593   632.623   609.385    11.029    40.190     1.848    18.670     1.062     0.745     6.586    48.030     0.000     0.000     0.000  5601.414    21.010 
2    15.500  4302.502   193.038  2544.581   632.770   610.735    11.053    40.287     1.840    18.313     1.064     0.761     6.552    48.272     0.000     0.000     0.000  5604.512    20.654 
2    16.000  4306.098   193.084  2544.602   632.981   613.170    11.336    40.406     1.998    18.000     1.069     0.694     6.545    48.345     0.000     0.000     0.000  5608.966    20.248 
2    16.500  4309.514   193.127  2544.607   633.175   615.824    11.269    40.530     2.022    17.702     1.066     0.641     6.534    48.458     0.000     0.000     0.000  5613.186    19.947 
2    17.000  4312.809   193.167  2544.606   633.362   618.327    11.285    40.656     2.047    17.417     1.063     0.602     6.520    48.587     0.000     0.000     0.000  5617.268    19.659 
2    17.500  4316.040   193.207  2544.602   633.545   620.807    11.281    40.784     2.067    17.141     1.060     0.569     6.505    48.721     0.000     0.000     0.000  5621.272    19.379 
2    18.000  4319.242   193.247  2544.599   633.727   623.263    11.271    40.913     2.087    16.874     1.057     0.540     6.490    48.856     0.000     0.000     0.000  5625.236    19.110 
2    18.500  4322.424   193.285  2544.596   633.908   625.643    11.318    41.043     2.106    16.615     1.054     0.515     6.475    48.990     0.000     0.000     0.000  5629.171    18.848 
2    19.000  4325.595   193.323  2544.594   634.088   628.069    11.300    41.175     2.125    16.366     1.051     0.492     6.460    49.120     0.000     0.000     0.000  5633.087    18.596 
2    19.500  4328.768   193.361  2544.593   634.268   630.483    11.280    41.307     2.144    16.125     1.049     0.471     6.445    49.247     0.000     0.000     0.000  5636.995    18.353 
2    20.000  4330.796   193.394  2544.571   634.248   628.409    10.215    41.292     1.618    15.402     1.018     0.642     6.405    49.147     0.000     0.000     0.000  5636.238    17.486 
2    20.500  4333.207   193.429  2544.562   634.283   626.264    10.222    41.295     1.571    14.811     1.020     0.756     6.371    49.108     0.000     0.000     0.000  5636.464    16.897 
2    21.000  4335.835   193.463  2544.560   634.340   624.632    10.236    41.308     1.547    14.296     1.025     0.827     6.343    49.095     0.000     0.000     0.000  5637.207    16.387 
2    21.500  4338.540   193.498  2544.562   634.409   623.279    10.240    41.324     1.534    13.830     1.029     0.877     6.318    49.096     0.000     0.000     0.000  5638.194    15.925 
2    22.000  4341.265   193.531  2544.566   634.482   622.093    10.221    41.342     1.524    13.400     1.032     0.912     6.296    49.103     0.000     0.000     0.000  5639.295    15.498 
2    22.500  4343.993   193.563  2544.572   634.558   620.951    10.235    41.358     1.518    12.999     1.034     0.937     6.277    49.112     0.000     0.000     0.000  5640.453    15.100 
2    23.000  4346.705   193.593  2544.579   634.634   619.898    10.208    41.372     1.514    12.624     1.036     0.952     6.259    49.122     0.000     0.000     0.000  5641.634    14.726 
2    23.500  4349.389   193.622  2544.588   634.712   618.846    10.216    41.384     1.512    12.273     1.038     0.957     6.244    49.133     0.000     0.000     0.000  5642.820    14.376 
2    24.000  4372.965   195.538  2551.686   634.258   523.621     4.101    37.656     0.029     4.236     1.933     9.409     5.033    49.095    74.867    48.143   123.010  5596.060     7.235 

3     0.000  4375.614   195.562  2551.706   634.314   521.795     4.114    37.625     0.027     3.803     1.931     9.422     5.017    49.092    74.790    47.578   122.369  5596.693     6.625 
3     0.500  4377.947   195.581  2551.718   634.346   519.426     4.103    37.562     0.020     3.296     1.931     9.434     5.000    49.070    74.583    46.750   121.333  5596.703     6.118 
3     1.000  4380.143   195.594  2551.728   634.365   516.826     4.080    37.482     0.025     2.791     1.933     9.418     4.987    49.041    74.600    45.666   120.266  5596.443     5.614 
3     1.500  4382.271   195.599  2551.737   634.380   514.146     4.051    37.393     0.019     2.325     1.935     9.359     4.982    49.008    74.395    44.321   118.716  5596.070     5.151 
3     2.000  4384.338   195.596  2551.746   634.392   511.423     4.050    37.298     0.022     1.922     1.938     9.244     4.984    48.974    74.372    42.738   117.110  5595.639     4.750 
3     2.500  4386.331   195.583  2551.756   634.403   508.730     4.047    37.200     0.023     1.593     1.939     9.070     4.996    48.940    74.295    40.990   115.285  5595.168     4.423 
3     3.000  4388.288   195.561  2551.766   634.413   506.120     4.010    37.100     0.017     1.340     1.941     8.835     5.018    48.906    74.099    39.221   113.320  5594.702     4.172 
3     3.500  4390.200   195.530  2551.777   634.424   503.497     4.056    36.999     0.023     1.157     1.942     8.549     5.047    48.872    74.110    37.602   111.713  5594.246     3.990 
3     4.000  4391.956   195.495  2551.837   634.382   498.863     3.980    36.840     0.015     0.924     1.945     8.329     5.067    48.824    73.783    34.939   108.722  5592.238     3.696 
3     4.500  4392.910   195.439  2551.872   634.275   492.883     3.965    36.653     0.002     0.732     1.949     8.075     5.091    48.755    73.270    32.000   105.270  5588.746     3.509 
3     5.000  4393.465   195.368  2551.895   634.139   486.393     3.941    36.448     0.013     0.612     1.955     7.766     5.123    48.676    73.208    29.633   102.841  5584.596     3.394 
3     5.500  4393.771   195.288  2551.912   633.989   479.768     3.910    36.230     0.008     0.546     1.962     7.423     5.161    48.594    72.811    28.091   100.902  5580.161     3.335 
3     6.000  4393.880   195.203  2551.927   633.832   473.151     3.899    36.003     0.009     0.511     1.969     7.074     5.202    48.511    72.518    27.179    99.698  5575.603     3.306 
3     6.500  4393.823   195.118  2551.940   633.672   466.645     3.902    35.772     0.013     0.492     1.974     6.734     5.243    48.428    72.294    26.671    98.965  5571.014     3.293 
3     7.000  4393.615   195.033  2551.953   633.511   460.366     3.865    35.537     0.011     0.484     1.979     6.411     5.282    48.346    71.934    26.435    98.369  5566.448     3.290 
3     7.500  4393.231   194.949  2551.965   633.349   454.257     3.898    35.303     0.015     0.482     1.982     6.115     5.321    48.265    71.706    26.358    98.064  5561.924     3.290 
3     8.000  4392.586   194.864  2552.019   633.139   446.523     3.824    35.019     0.006     0.420     1.987     5.901     5.349    48.152    71.136    24.522    95.658  5556.051     3.035 
3     8.500  4391.104   194.764  2552.050   632.863   437.433     3.806    34.703     0.000     0.370     1.995     5.689     5.378    47.993    70.532    22.820    93.352  5548.662     2.993 
3     9.000  4389.135   194.656  2552.069   632.555   427.851     3.785    34.364     0.004     0.342     2.005     5.471     5.410    47.814    70.071    21.804    91.874  5540.575     2.975 
3     9.500  4386.831   194.546  2552.083   632.232   418.201     3.753    34.010    -0.003     0.330     2.015     5.264     5.442    47.626    69.391    21.329    90.720  5532.193     2.974 
3    10.000  4384.301   194.435  2552.093   631.902   408.646     3.748    33.643     0.003     0.327     2.024     5.075     5.474    47.435    68.948    21.175    90.123  5523.733     2.979 
3    10.500  4381.482   194.326  2552.100   631.568   399.361     3.707    33.270     0.002     0.329     2.033     4.913     5.503    47.243    68.347    21.253    89.600  5515.233     2.989 
3    11.000  4378.474   194.219  2552.106   631.233   390.302     3.733    32.892     0.001     0.334     2.039     4.777     5.531    47.051    67.760    21.422    89.182  5506.802     3.001 
3    11.500  4375.225   194.114  2552.110   630.897   381.631     3.696    32.511     0.003     0.341     2.045     4.672     5.557    46.861    67.240    21.710    88.950  5498.427     3.014 
3    12.000  4371.762   194.009  2552.127   630.544   372.529     3.713    32.111     0.003     0.329     2.051     4.607     5.579    46.656    66.623    21.231    87.854  5489.652     2.823 
3    12.500  4367.839   193.901  2552.134   630.164   363.136     3.694    31.693    -0.001     0.319     2.057     4.555     5.601    46.428    65.897    20.836    86.732  5480.316     2.820 
3    13.000  4363.595   193.791  2552.137   629.773   353.742     3.670    31.262     0.001     0.317     2.065     4.512     5.624    46.189    65.273    20.730    86.003  5470.747     2.825 
3    13.500  4359.077   193.681  2552.135   629.375   344.504     3.649    30.823    -0.003     0.320     2.072     4.486     5.646    45.947    64.513    20.835    85.348  5461.096     2.835 
3    14.000  4354.373   193.573  2552.131   628.975   335.493     3.643    30.377     0.002     0.325     2.077     4.476     5.667    45.704    63.917    21.030    84.947  5451.478     2.845 
3    14.500  4349.435   193.467  2552.124   628.573   326.785     3.616    29.927    -0.002     0.333     2.081     4.488     5.686    45.462    63.148    21.329    84.476  5441.891     2.858 
3    15.000  4344.295   193.363  2552.115   628.171   318.348     3.613    29.475    -0.003     0.342     2.084     4.517     5.704    45.221    62.453    21.639    84.092  5432.368     2.869 
3    15.500  4338.963   193.260  2552.103   627.769   310.200     3.620    29.022    -0.000     0.351     2.086     4.563     5.721    44.982    61.822    21.962    83.784  5422.916     2.880 
3    16.000  4333.401   193.161  2552.063   627.370   302.754     3.668    28.596     0.004     0.392     2.085     4.623     5.739    44.714    61.266    23.408    84.675  5413.795     3.087 
3    16.500  4327.847   193.073  2552.034   626.984   295.794     3.673    28.182     0.006     0.439     2.086     4.747     5.753    44.417    60.687    24.878    85.564  5405.004     3.135 
3    17.000  4322.208   192.993  2552.009   626.604   289.178     3.676    27.775     0.006     0.478     2.086     4.916     5.762    44.108    60.073    26.005    86.078  5396.397     3.174 
3    17.500  4316.492   192.918  2551.985   626.227   282.825     3.700    27.373     0.008     0.512     2.084     5.114     5.769    43.794    59.523    26.890    86.412  5387.937     3.205 
3    18.000  4310.649   192.847  2551.961   625.852   276.763     3.681    26.973     0.010     0.538     2.082     5.329     5.774    43.481    58.967    27.552    86.519  5379.562     3.230 
3    18.500  4304.704   192.777  2551.934   625.478   270.879     3.712    26.576     0.010     0.561     2.079     5.556     5.777    43.169    58.387    28.096    86.484  5371.273     3.250 
3    19.000  4298.617   192.710  2551.906   625.105   265.288     3.669    26.182     0.010     0.580     2.075     5.791     5.779    42.860    57.815    28.515    86.330  5363.036     3.265 
3    19.500  4292.426   192.644  2551.875   624.732   259.841     3.695    25.792     0.008     0.596     2.070     6.032     5.781    42.555    57.208    28.869    86.078  5354.873     3.276 
3    20.000  4286.192   192.578  2551.670   624.462   259.604     3.880    25.619     0.034     0.967     2.062     6.102     5.815    42.214    57.649    34.970    92.619  5350.261     4.016 
3    20.500  4281.935   192.563  2551.561   624.377   263.290     3.897    25.573     0.041     1.530     2.051     6.241     5.850    41.882    58.100    39.969    98.069  5349.745     4.568 
3    21.000  4278.394   192.571  2551.493   624.369   268.718     3.922    25.617     0.050     2.141     2.027     6.468     5.878    41.560    58.752    42.982   101.735  5350.991     5.155 
3    21.500  4275.188   192.590  2551.441   624.395   274.903     3.932    25.720     0.048     2.733     2.004     6.739     5.900    41.249    59.254    44.820   104.074  5353.006     5.723 
3    22.000  4272.309   192.614  2551.397   624.436   281.174     3.972    25.853     0.043     3.290     1.989     7.012     5.919    40.949    59.694    46.028   105.721  5355.340     6.265 
3    22.500  4269.681   192.640  2551.355   624.485   287.307     3.951    25.999     0.036     3.800     1.977     7.268     5.935    40.660    60.076    46.862   106.938  5357.715     6.764 
3    23.000  4267.365   192.667  2551.314   624.536   293.055     3.989    26.149     0.037     4.268     1.969     7.500     5.950    40.381    60.565    47.473   108.039  5360.085     7.224 
3    23.500  4265.337   192.697  2551.272   624.589   298.497     3.981    26.300     0.035     4.696     1.962     7.709     5.964    40.113    60.950    47.938   108.888  5362.414     7.645 
3    24.000  4264.134   192.723  2551.197   624.741   306.773     4.128    26.543     0.107     5.325     1.956     7.784     5.991    40.002    62.939    48.493   111.432  5367.362     8.480 

4     0.000  4263.951   192.754  2551.142   625.009   318.177     4.152    26.886     0.144     6.108     1.939     7.827     6.018    40.081    64.504    49.039   113.544  5375.125     9.245 
4     0.500  4264.264   192.789  2551.094   625.325   330.738     4.184    27.292     0.161     6.905     1.919     7.876     6.040    40.238    65.737    49.479   115.216  5384.050    10.022 
4     1.000  4264.921   192.827  2551.050   625.661   343.573     4.210    27.733     0.168     7.660     1.901     7.929     6.058    40.424    66.770    49.820   116.590  5393.407    10.760 
4     1.500  4265.838   192.865  2551.008   626.006   356.328     4.248    28.196     0.170     8.365     1.888     7.980     6.073    40.620    67.670    50.088   117.758  5402.900    11.451 
4     2.000  4266.993   192.905  2550.967   626.354   368.892     4.239    28.671     0.169     9.013     1.877     8.028     6.085    40.814    68.476    50.301   118.777  5412.398    12.088 
4     2.500  4268.383   192.945  2550.926   626.704   381.105     4.277    29.156     0.168     9.607     1.868     8.071     6.094    41.004    69.219    50.475   119.694  5421.852    12.674 
4     3.000  4269.988   192.986  2550.887   627.055   393.033     4.282    29.645     0.165    10.155     1.862     8.109     6.102    41.187    69.900    50.621   120.520  5431.236    13.215 
4     3.500  4271.919   193.034  2550.888   627.385   403.509     4.211    30.091     0.150    10.565     1.860     8.218     6.092    41.415    70.245    50.726   120.971  5439.828    13.762 
4     4.000  4273.851   193.078  2550.867   627.705   413.623     4.215    30.539     0.132    10.948     1.858     8.303     6.076    41.703    70.498    50.817   121.316  5448.202    14.142 
4     4.500  4275.878   193.121  2550.838   628.019   423.421     4.210    30.985     0.125    11.304     1.856     8.370     6.059    42.012    70.910    50.899   121.809  5456.410    14.497 
4     5.000  4278.114   193.164  2550.805   628.331   432.917     4.197    31.428     0.124    11.631     1.855     8.424     6.041    42.325    71.411    50.970   122.382  5464.546    14.823 
4     5.500  4280.504   193.207  2550.771   628.641   442.116     4.194    31.869     0.123    11.937     1.855     8.466     6.023    42.633    71.878    51.035   122.913  5472.590    15.129 
4     6.000  4283.071   193.249  2550.738   628.951   451.016     4.230    32.307     0.118    12.221     1.855     8.500     6.005    42.933    72.266    51.094   123.360  5480.577    15.413 
4     6.500  4285.752   193.292  2550.705   629.261   459.722     4.220    32.744     0.119    12.485     1.856     8.528     5.987    43.224    72.715    51.148   123.863  5488.481    15.677 
4     7.000  4288.557   193.335  2550.673   629.570   468.192     4.228    33.178     0.112    12.730     1.856     8.550     5.970    43.505    73.021    51.197   124.218  5496.321    15.923 
4     7.500  4291.387   193.386  2550.686   629.830   474.358     4.193    33.544     0.065    12.814     1.860     8.662     5.935    43.765    72.468    51.223   123.692  5502.594    16.090 
4     8.000  4293.939   193.432  2550.676   630.042   479.122     4.192    33.875     0.054    12.842     1.866     8.769     5.897    44.014    72.506    51.240   123.746  5507.704    16.124 
4     8.500  4296.447   193.477  2550.656   630.232   483.093     4.179    34.180     0.051    12.844     1.875     8.864     5.858    44.253    72.660    51.252   123.912  5512.218    16.135 
4     9.000  4299.066   193.520  2550.632   630.414   486.602     4.160    34.467     0.044    12.838     1.883     8.943     5.820    44.485    72.710    51.262   123.972  5516.483    16.137 
4     9.500  4301.773   193.564  2550.608   630.590   489.786     4.168    34.739     0.049    12.830     1.890     9.008     5.784    44.710    72.965    51.273   124.238  5520.601    16.136 
4    10.000  4304.528   193.607  2550.584   630.765   492.797     4.149    35.001     0.044    12.823     1.897     9.063     5.749    44.928    73.042    51.283   124.325  5524.614    16.136 
4    10.500  4307.344   193.650  2550.560   630.938   495.652     4.138    35.255     0.038    12.818     1.904     9.108     5.716    45.140    73.078    51.294   124.372  5528.569    16.137 
4    11.000  4310.214   193.693  2550.538   631.111   498.333     4.182    35.500     0.045    12.816     1.909     9.145     5.685    45.346    73.372    51.305   124.676  5532.481    16.140 
4    11.500  4313.274   193.740  2550.541   631.273   500.291     4.191    35.686     0.043    12.647     1.909     9.229     5.644    45.576    73.455    51.292   124.747  5536.020    15.834 
4    12.000  4316.215   193.785  2550.532   631.428   502.156     4.165    35.830     0.039    12.334     1.908     9.304     5.601    45.842    73.486    51.254   124.740  5539.379    15.520 
4    12.500  4319.127   193.828  2550.518   631.578   503.909     4.139    35.955     0.030    11.959     1.909     9.369     5.557    46.120    73.422    51.203   124.626  5542.635    15.145 
4    13.000  4322.052   193.870  2550.503   631.727   505.507     4.170    36.069     0.036    11.561     1.910     9.424     5.514    46.400    73.636    51.144   124.779  5545.831    14.749 
4    13.500  4325.003   193.912  2550.488   631.875   507.067     4.158    36.177     0.035    11.159     1.912     9.470     5.472    46.677    73.720    51.079   124.799  5548.989    14.348 
4    14.000  4328.011   193.953  2550.474   632.023   508.562     4.140    36.280     0.036    10.762     1.913     9.506     5.432    46.950    73.833    51.009   124.842  5552.137    13.953 
4    14.500  4331.026   193.994  2550.460   632.170   509.967     4.151    36.381     0.037    10.374     1.915     9.536     5.393    47.217    73.958    50.936   124.894  5555.249    13.567 
4    15.000  4334.076   194.035  2550.448   632.317   511.352     4.128    36.478     0.030     9.997     1.916     9.558     5.356    47.477    73.920    50.858   124.778  5558.348    13.191 
4    15.500  4337.160   194.071  2550.414   632.476   513.282     4.225    36.596     0.044     9.672     1.915     9.521     5.330    47.710    74.306    50.787   125.093  5561.911    12.767 
4    16.000  4340.405   194.108  2550.395   632.648   515.410     4.233    36.714     0.039     9.353     1.915     9.472     5.309    47.904    74.335    50.712   125.047  5565.675    12.447 
4    16.500  4343.683   194.147  2550.382   632.824   517.570     4.255    36.833     0.039     9.043     1.914     9.421     5.290    48.079    74.461    50.634   125.095  5569.500    12.136 
4    17.000  4346.995   194.185  2550.373   633.002   519.750     4.277    36.953     0.040     8.742     1.914     9.371     5.273    48.242    74.598    50.553   125.151  5573.366    11.834 
4    17.500  4350.319   194.223  2550.367   633.182   521.935     4.297    37.075     0.034     8.450     1.913     9.322     5.257    48.396    74.628    50.469   125.097  5577.245    11.542 
4    18.000  4353.645   194.260  2550.363   633.362   524.166     4.268    37.198     0.041     8.168     1.913     9.275     5.241    48.546    74.877    50.382   125.259  5581.125    11.260 
4    18.500  4356.969   194.298  2550.361   633.542   526.342     4.287    37.323     0.042     7.896     1.912     9.230     5.227    48.690    75.032    50.292   125.324  5584.999    10.987 
4    19.000  4360.320   194.334  2550.360   633.722   528.506     4.308    37.448     0.044     7.633     1.912     9.187     5.212    48.830    75.197    50.198   125.396  5588.886    10.724 
4    19.500  4363.562   194.373  2550.377   633.869   529.607     4.176    37.538     0.036     7.281     1.911     9.202     5.191    48.929    75.119    50.060   125.179  5591.867    10.258 
4    20.000  4366.478   194.409  2550.386   633.978   529.562     4.170    37.598     0.033     6.856     1.912     9.246     5.166    48.983    75.099    49.871   124.971  5593.907     9.834 
4    20.500  4369.248   194.443  2550.392   634.071   529.039     4.155    37.640     0.032     6.412     1.915     9.292     5.141    49.015    75.099    49.647   124.746  5595.505     9.393 
4    21.000  4371.983   194.476  2550.398   634.155   528.281     4.131    37.670     0.025     5.973     1.920     9.330     5.119    49.037    74.971    49.393   124.364  5596.908     8.958 
4    21.500  4374.699   194.507  2550.404   634.237   527.384     4.126    37.692     0.031     5.551     1.923     9.356     5.098    49.055    75.087    49.114   124.201  5598.214     8.540 
4    22.000  4377.398   194.536  2550.410   634.316   526.449     4.102    37.709     0.027     5.151     1.927     9.369     5.080    49.069    75.002    48.809   123.811  5599.467     8.144 
4    22.500  4380.071   194.564  2550.418   634.394   525.455     4.112    37.721     0.026     4.776     1.930     9.367     5.064    49.083    74.979    48.479   123.459  5600.686     7.772 
4    23.000  4382.741   194.590  2550.427   634.472   524.484     4.095    37.729     0.030     4.426     1.933     9.352     5.051    49.095    75.040    48.126   123.166  5601.898     7.424 
4
